o 306565 325379 18814
ostream 254878 258923 4045
actionswf 45711 47542 1831
edor 32179 39549 7370
games 29504 54601 25097
irc-ssl 8415 12409 3994
flashalizer 7074 15078 8004
audapa 6637 8966 2329
dico 5105 7617 2512
tora 4057 5436 1379
test 1778 3008 1230
chess-helper 1459 3204 1745
builder 1075 1457 382
prezenta 561 827 266
pyaudio 540 545 5
oadbg 539 1629 1090
irc 280 556 276
experimental 261 366 105
medo 221 610 389
ostriputil 188 194 6
colin-i.github.io 130 302 172
odbg 100 106 6
arh 74 167 93
appimage.github.io 2 2 0
colin-i 2 4 2
box64 0 3 3
LIEF 0 0 0
ming 0 0 0
